14
10
5
5
6
27
41
239
430
341
248
222
268
265
292
239
329
336
296
199
111
69
41
22
6
4
2
5
7
26
54
242
456
446
248
226
248
304
288
264
331
366
308
208
125
79
48
24
10
2
1
7
21
34
53
213
490
347
232
257
304
255
326
270
299
352
316
223
124
93
56
32
14
2
3
6
13
29
49
226
509
335
225
250
246
251
266
241
326
303
281
189
118
65
35
24
17
8
5
9
11
23
47
218
459
330
255
250
309
275
310
275
313
374
287
234
113
82
71
45
27
17
11
6
13
18
16
47
81
201
182
242
158
179
196
197
208
228
188
190
131
68
53
39
51
22
18
13
9
4
6
24
36
68
64
107
110
103
93
103
104
125
155
144
130
76
51
33
28
18
7
15
12
27
48
197
401
277
211
219
240
242
241
228
306
290
276
189
98
50
51
24
18
15
4
14
15
27
59
190
431
340
187
208
232
202
247
194
289
306
280
165
118
81
46
34
27
14
13
12
19
26
49
188
301
274
205
237
236
213
250
191
199
300
250
193
85
88
44
38
28
10
6
9
10
27
49
200
370
282
178
196
214
252
219
229
238
284
237
182
95
71
53
31
19
13
11
9
13
38
57
192
363
249
208
213
238
234
251
233
285
303
232
153
116
80
38
64
45
30
24
9
8
14
22
34
73
168
207
184
173
147
164
158
163
177
198
164
124
61
60
56
38
43
36
13
8
4
9
40
32
78
96
115
95
80
86
98
85
102
128
152
110
78
44
39
32
21
10
6
8
29
60
143
376
273
182
196
208
226
216
187
247
293
208
166
102
65
50
35
29
22
14
7
12
25
53
172
369
278
173
188
247
193
203
187
234
262
248
170
97
65
37
37
35
23
8
13
16
25
46
202
265
267
202
226
219
213
207
191
228
220
239
174
120
97
57
58
41
28
25
15
12
28
47
166
347
277
177
175
223
233
200
222
212
288
255
157
88
77
56
33
20
12
10
10
14
27
54
161
362
266
217
200
230
240
241
249
279
252
265
228
118
64
68
41
43
37
22
13
10
21
28
44
72
146
199
155
128
138
188
141
151
164
182
214
110
84
48
55
47
21
20
13
15
15
9
22
41
65
88
103
118
112
90
127
114
88
153
143
120
79
47
32
16
10
5
8
7
22
35
156
323
245
204
184
218
216
217
209
270
279
229
181
99
63
51
31
20
5
5
7
11
26
44
149
348
251
215
197
239
229
234
238
278
274
246
192
106
68
42
28
18
12
3
4
14
27
45
139
283
264
173
189
247
208
234
198
239
298
246
188
80
65
54
34
19
4
6
2
12
25
41
162
315
277
198
201
256
242
259
224
295
315
235
169
99
70
54
28
26
6
6
2
18
23
37
144
362
272
209
230
226
230
262
225
297
258
188
199
124
93
64
53
25
15
13
7
13
13
15
27
48
127
179
161
153
147
174
187
145
188
200
146
119
72
62
56
50
24
21
12
10
7
10
25
21
53
81
92
87
77
100
85
109
94
125
157
89
58
43
23
30
19
10
4
8
14
34
114
256
238
183
196
208
162
223
206
261
244
240
143
115
94
57
23
14
14
9
4
11
21
46
119
285
214
204
201
218
144
213
191
235
256
249
118
92
70
54
25